0.100000 0.000000 4.562793 -0.000000 3.500979 0.000000 999.951475
0.200000 0.000000 4.158501 -0.000000 7.003919 0.000000 999.805224
0.300000 0.000000 3.817968 -0.000000 10.508824 0.000000 999.561172
0.400000 0.000000 3.531134 -0.000000 14.015698 0.000000 999.219282
0.500000 0.000000 3.289530 -0.000000 17.524543 0.000000 998.779525
0.605000 0.000000 3.076737 -0.000000 21.210952 0.000000 998.212423
0.705000 0.000000 2.906786 -0.000000 24.723839 0.000000 997.571961
0.805000 0.000000 2.763635 -0.000000 28.238699 0.000000 996.833566
0.905000 0.000000 2.643061 -0.000000 31.755530 0.000000 995.997221
1.005000 0.000000 2.541503 -0.000000 35.274334 0.000000 995.062915
1.105000 0.000000 2.455965 -0.000000 38.795109 0.000000 994.030635
1.205000 0.000000 2.383921 -0.000000 42.317855 0.000000 992.900373
1.305000 0.000000 2.323245 -0.000000 45.842570 0.000000 991.672122
1.405000 0.000000 2.272144 -0.000000 49.369254 0.000000 990.345874
1.505000 0.000000 2.229110 -0.000000 52.897907 0.000000 988.921624
1.610000 0.000000 2.191215 -0.000000 56.605110 0.000000 987.320683
1.710000 0.000000 2.160959 -0.000000 60.137796 0.000000 985.695516
1.810000 0.000000 2.135482 -0.000000 63.672449 0.000000 983.972335
1.910000 0.000000 2.114031 -0.000000 67.209067 0.000000 982.151138
2.010000 0.000000 2.095969 -0.000000 70.747650 0.000000 980.231921
2.110000 0.000000 2.080764 -0.000000 74.288198 0.000000 978.214684
2.215000 0.000000 2.067379 -0.000000 78.007888 0.000000 975.991089
2.310000 0.000000 2.057187 -0.000000 81.375187 0.000000 973.886141
2.410000 0.000000 2.048116 -0.000000 84.921627 0.000000 971.574833
2.515000 0.000000 2.040133 -0.000000 88.647502 0.000000 969.042458
2.615000 0.000000 2.033763 -0.000000 92.197966 0.000000 966.530195
